n1: 195.29.252.0/24 mask 255.255.255.0
n2: 195.29.253.0/24 mask 255.255.255.0
n3: 195.29.254.0/25	mask 255.255.255.128 dns 195.29.254.2
11111111.11111111.11110000.00000000

n4: 195.29.254.128/25 mask 255.255.255.128
n5: 195.29.255.0/27	mask 255.255.255.224
r6r5: 195.29.255.32/30	mask 255.255.255.252
r5r4: 195.29.255.36/30	mask 255.255.255.252
r4r3: 195.29.255.40/30	mask 255.255.255.252
r123: 195.29.255.48/29	mask 255.255.255.248
